322
906
211
298
855
440
638
890
30
376
209
457
883
643
946
751
611
454
274
779
673
878
95
809
861
589
304
910
344
927
653
723
183
923
5
212
122
674
125
195
982
896
929
102
544
0
80
789
72
501
687
87
962
559
950
815
517
165
482
135
335
269
987
318
835
612
108
241
176
522
380
515
233
759
780
783
753
140
606
989
807
604
120
881
605
62
286
867
621
153
361
381
389
37
920
444
432
319
676
452
938
9
775
263
976
340
42
119
595
770
39
916
127
403
451
802
768
859
395
43
350
439
898
693
773
737
208
846
149
827
409
824
877
637
181
699
70
869
124
981
192
16
196
572
246
574
901
623
669
63
450
408
237
337
468
609
943
701
100
925
104
493
794
171
713
967
375
772
993
963
311
462
173
474
7
103
958
641
390
182
917
329
371
471
739
306
722
852
724
918
168
548
856
897
531
742
622
727
690
843
186
697
413
422
259
720
82
660
971
464
252
410
569
664
506
294
538
618
300
235
443
564
155
849
405
732
10
965
357
68
49
188
921
327
465
324
834
132
90
312
397
257
708
692
199
114
227
960
743
407
470
733
832
94
703
379
158
490
566
334
326
866
684
716
328
624
636
763
857
601
496
875
576
942
940
767
330
179
914
871
93
632
766
359
141
992
372
216
784
563
874
879
117
232
151
640
247
88
872
598
570
757
331
354
332
554
244
602
280
705
930
266
307
968
519
239
308
21
726
349
540
680
750
816
495
423
833
229
823
270
137
891
475
514
200
932
17
399
59
33
56
478
799
511
427
184
370
55
954
430
190
325
696
305
526
38
978
111
240
851
542
644
118
160
365
691
12
745
231
291
549
587
810
842
782
420
51
417
393
863
197
438
539
949
131
908
3
52
11
271
999
894
876
561
204
217
447
353
806
845
525
777
313
590
532
415
66
811
458
436
749
278
386
442
560
998
670
480
663
646
935
862
58
700
113
77
73
738
223
310
778
756
512
804
391
348
588
383
360
489
97
64
139
191
466
634
679
105
175
675
847
92
133
556
718
948
899
734
926
268
198
258
979
461
791
620
320
805
541
303
889
356
747
565
406
419
717
491
661
272
243
275
888
553
8
309
650
741
472
488
338
953
429
649
959
880
148
146
167
707
736
662
758
504
333
79
764
610
776
854
378
527
945
500
441
136
463
719
15
571
740
156
220
228
412
821
364
238
302
721
860
226
83
798
314
99
134
557
748
170
586
915
341
698
255
431
535
793
485
639
32
368
786
177
771
591
162
189
23
884
508
486
957
86
36
658
143
573
678
839
654
129
813
193
44
761
801
516
970
382
355
905
296
797
47
260
975
974
657
547
683
448
215
396
841
706
434
323
785
27
106
242
283
128
503
264
187
592
236
972
61
57
893
295
994
509
578
912
790
781
990
568
24
594
346
101
256
853
931
205
603
426
222
837
249
710
558
96
812
936
774
293
973
78
689
521
342
502
583
185
34
714
685
567
507
677
984
760
911
765
210
411
166
919
524
253
803
582
672
648
290
130
584
145
150
969
218
14
161
498
655
316
902
995
562
667
455
904
599
607
608
230
550
826
281
194
668
882
279
25
418
625
282
529
983
886
934
769
858
754
830
627
460
289
536
345
473
939
829
656
121
91
505
299
245
795
374
814
868
712
885
545
626
288
28
351
347
13
292
537
81
808
445
840
630
366
35
321
688
956
800
709
546
147
157
523
715
123
966
301
203
477
206
273
169
788
581
2
619
752
964
614
219
977
213
907
951
865
487
928
686
484
362
787
642
336
580
476
530
45
755
850
820
437
543
579
895
551
900
110
6
74
425
363
373
913
1
695
404
892
53
276
887
421
533
254
600
822
575
870
84
180
369
69
652
453
138
659
144
986
400
952
416
248
991
682
909
109
552
631
401
48
836
819
388
481
961
433
762
617
520
234
744
922
828
424
955
75
54
933
67
414
98
163
50
510
980
628
164
725
287
214
172
988
735
647
730
267
392
284
817
492
844
704
499
178
596
615
159
384
903
671
115
65
873
4
224
435
985
456
645
796
261
107
265
944
467
315
792
154
19
613
352
339
593
250
996
651
174
513
317
225
818
446
494
126
518
31
702
731
555
459
262
46
838
746
221
251
367
597
41
729
394
385
633
387
585
207
60
152
142
635
76
40
71
398
681
201
665
469
297
85
711
947
277
825
497
449
864
22
848
358
997
666
831
402
285
343
937
941
577
29
924
534
479
629
483
112
20
528
728
694
428
116
26
202
616
89
377
18
