1000
360 7062
983 1768
325 4040
93 4753
93 1042
845 3845
88 4097
391 9049
864 9189
771 894
556 7938
880 1823
619 6468
119 2082
982 8880
736 1114
258 9177
355 5338
967 5099
253 8945
952 8750
243 7679
487 1656
262 7996
922 3547
523 648
939 1939
240 4007
571 7919
816 8708
687 6216
512 6102
840 8738
465 8661
29 4854
369 6523
884 2857
983 4069
15 6289
809 2993
531 6113
708 7646
187 7484
402 8022
177 5987
705 6017
885 958
718 7400
971 3429
877 1502
756 6704
699 3066
613 3677
224 6650
771 6993
446 899
729 2500
135 3329
537 7625
189 6542
783 4071
731 2586
975 6725
214 4196
225 297
947 7695
304 7838
641 2460
552 3176
709 5009
28 2195
672 9026
511 3690
68 9606
615 6809
706 5807
273 4117
294 2117
352 2728
707 6908
383 2212
823 6857
311 8963
610 7744
279 4200
782 6662
321 8985
595 1365
987 7668
234 6683
660 5794
211 5956
326 5835
182 1399
716 2676
798 1420
512 1927
528 6644
388 8705
910 6200
427 1650
724 8469
251 8911
286 8886
87 6130
59 7658
230 245
355 2743
516 3089
182 9998
513 7872
582 4368
437 8842
937 2383
737 1625
545 8201
612 2417
941 9977
584 3775
361 5948
149 886
694 6452
86 2261
255 2987
634 9467
25 9963
361 8996
113 4649
55 412
475 7308
529 5730
738 2061
570 4294
303 3366
83 5131
911 2556
752 5110
739 1688
478 4268
959 8735
322 7565
507 2748
622 5353
886 4161
512 2371
311 8978
293 8705
656 1502
703 7269
14 23
34 9951
439 682
968 4001
186 6852
798 1873
738 5607
504 2554
893 9520
977 5606
676 4813
610 4629
494 2870
713 4198
288 9631
812 5899
89 7954
744 9704
337 3300
779 2130
10 9349
867 7081
807 2195
707 3827
56 871
200 7359
110 3488
868 1455
466 1614
36 8806
191 3748
432 3515
978 5634
417 9932
114 9867
924 5376
275 3904
767 9027
505 4342
902 3510
634 8833
552 4543
509 8867
13 2258
952 3630
464 3139
539 7625
925 4345
757 1573
961 5962
740 974
444 4870
70 3382
894 3069
403 1427
359 7943
931 1603
813 6103
103 9741
326 1885
741 9088
41 7695
90 4202
66 6580
652 1881
250 7310
881 6173
471 889
81 1048
209 3059
568 7867
161 8775
378 5761
631 5577
42 7372
135 4051
418 9096
696 3276
12 8983
146 281
651 1170
999 4133
66 9089
630 3867
109 8144
397 3559
544 6955
55 4962
184 322
466 7402
553 1929
872 7102
201 730
277 9430
407 2739
314 3704
915 4351
78 5286
658 5894
459 5788
487 8199
580 2669
539 6824
249 7010
758 4325
970 9940
489 8941
885 5559
611 5431
28 3200
842 6652
201 7111
290 5349
989 4211
448 5038
603 5496
22 7470
58 2363
602 6861
665 9147
474 1846
99 309
800 6218
458 4259
94 7735
524 5537
624 7710
347 2288
241 4079
875 6054
155 1463
301 3357
623 7654
400 2322
562 1866
514 6553
488 2444
711 6710
722 3123
894 2238
211 8811
491 1546
483 4314
339 7094
617 6296
546 6246
820 2370
448 7361
490 4579
190 8678
547 2960
872 5893
50 474
204 8151
218 587
776 4200
325 4162
14 5591
484 5579
146 1836
672 3201
567 936
492 813
440 7012
967 9202
538 889
788 5252
642 9253
195 1357
207 1749
757 8932
650 7262
967 9580
111 4531
560 7467
701 8252
491 559
615 4856
827 9913
275 7225
744 8528
516 9452
856 4160
752 9124
367 4874
821 7469
53 9424
9 5291
7 3416
323 5411
339 6981
354 6207
66 8852
489 9122
174 5470
420 3660
451 7342
344 9553
942 9370
475 8902
67 3058
889 8678
970 5039
17 8651
727 9019
588 2883
444 8323
744 2390
884 2444
293 6752
40 6406
156 9164
582 620
409 2915
468 1734
599 5997
326 1098
365 1920
1 5204
18 9326
998 6244
575 7614
424 4522
318 5091
116 165
349 405
108 4541
521 4361
863 6471
538 1926
287 8604
800 9671
925 5867
127 5727
595 1847
21 930
663 5011
564 6737
6 2345
583 1600
797 7054
525 7173
978 8830
690 9915
51 9452
178 7777
194 5343
171 8268
206 5979
373 4162
249 305
656 8021
915 1893
902 4854
31 2368
563 9334
396 4795
938 5034
214 8188
276 584
47 4325
79 8041
713 2999
160 5805
159 1248
688 2012
411 4250
200 9347
983 9687
782 8092
735 4391
595 6537
35 1584
147 9746
365 7102
938 8233
348 9667
643 8545
8 4771
566 1527
340 7032
980 3552
45 4561
280 5037
117 7537
622 9995
476 7472
400 1148
862 2123
302 6152
96 7328
936 6999
941 9347
593 1608
832 1706
332 6434
752 4104
73 9113
190 1683
574 8235
374 9159
19 1340
278 9286
965 9167
413 6201
103 6204
400 5860
560 2382
956 4929
929 9158
456 5989
400 9478
664 3777
30 6929
224 3659
29 7603
259 9128
728 5799
607 1961
166 5659
728 3037
131 4031
411 2522
50 4804
917 4375
395 4832
137 3468
420 5473
270 9359
16 505
38 9106
203 4822
954 9294
371 9171
97 4742
997 4779
308 3977
437 4557
24 8226
154 6293
343 7717
717 7127
801 3464
228 3996
249 7393
302 7289
325 8321
681 5945
241 3553
534 3916
804 8114
598 3447
99 3432
362 9072
322 2544
63 2882
564 4922
339 2380
10 5475
73 329
471 1922
239 5197
708 8080
371 1726
358 8999
237 6103
48 8162
535 1296
940 6894
215 9733
491 2224
943 6656
456 9019
769 7820
128 971
758 9686
842 4681
708 3544
88 2038
206 4482
690 2014
88 1533
118 4335
830 1642
109 3658
432 5640
647 8447
350 7594
57 8439
665 5660
845 5211
776 8819
574 5865
183 706
802 2122
919 8025
552 7410
336 5893
10 4223
369 7750
625 4270
206 7218
58 9878
400 7860
916 9959
250 4607
353 8828
106 2108
713 3937
271 3033
446 6096
283 2545
281 2341
955 8122
172 8819
738 4999
592 2301
359 587
362 1219
581 2591
10 7329
332 3101
604 5036
212 1131
554 8693
249 4151
158 9556
815 1805
973 7290
546 6396
906 3853
580 1706
559 8686
507 8212
631 9530
674 7371
689 7102
284 5332
533 4350
835 3189
166 2098
346 5988
344 8614
351 9855
52 5438
488 4965
386 6095
939 3890
930 2342
627 3444
396 1099
460 2398
536 3169
274 703
365 4977
996 8211
500 7521
187 4612
214 2341
775 8975
886 4735
988 6615
753 5628
835 9000
290 7611
321 8019
746 8832
157 7714
827 9665
774 8341
674 7454
831 6619
975 3456
901 2792
17 4531
811 6358
72 1091
792 7654
548 904
240 3413
150 4801
768 7539
195 7134
826 8334
311 2827
240 4122
94 9646
73 3020
520 2100
246 5245
64 5754
610 6569
309 4923
967 5037
542 9846
56 9331
700 6644
554 8392
437 9971
643 6865
322 8479
627 6297
272 5118
55 4015
419 621
616 4651
76 4527
602 2439
620 6965
592 4768
207 4055
274 832
622 4551
35 6020
646 9630
854 5280
234 557
88 652
518 5250
102 170
164 8698
794 5194
819 5167
520 8865
292 5751
697 4705
159 3018
278 2121
65 7065
612 8184
245 2127
900 9102
811 8412
348 6450
106 5796
485 1810
529 1086
106 2365
375 3726
981 3419
107 5036
59 6092
452 6733
328 3526
220 898
930 3596
306 8394
14 1890
208 579
774 2048
709 4166
195 5446
773 1693
761 3391
70 1348
20 2338
698 8317
655 1253
351 4867
786 4489
478 1620
75 6837
208 5032
780 9972
80 2458
768 4460
544 8588
308 823
790 1805
726 4431
622 5899
341 7718
127 9692
147 9732
242 5123
59 7691
836 9395
459 6073
326 1991
10 5569
264 8798
697 7768
769 3624
511 8531
436 1091
123 4348
842 9810
641 4255
10 3199
746 7010
667 4185
707 9354
720 9873
60 596
728 2204
305 9880
255 2822
956 4292
265 8177
93 5738
961 7667
399 645
290 7525
707 7550
430 8131
825 9066
467 4640
227 1822
455 5473
661 5829
475 7046
733 3135
289 8600
375 761
930 4685
381 2185
629 6751
76 8859
543 4634
379 7099
139 4232
368 4061
2 6280
910 2428
905 2244
680 7406
988 6227
263 8374
752 4809
389 3042
25 7056
958 990
904 4491
730 7642
784 7974
918 4213
515 3645
472 5915
981 4654
942 4669
786 3915
845 1277
457 6992
837 2548
784 2700
580 9285
369 8307
82 9910
315 5075
35 5887
406 5002
744 9018
605 8038
911 2773
192 2050
269 2216
697 6507
455 670
22 8985
752 9497
690 2136
932 7533
733 9274
658 5544
613 3563
671 4135
70 4377
672 2880
620 2176
260 3696
716 6099
810 1759
977 4288
820 4376
260 7590
75 3022
908 3889
448 4095
464 5614
579 5058
618 3369
205 1398
81 2530
881 5990
282 6813
274 3088
757 6437
432 2202
802 7866
771 3578
897 7545
708 8262
429 2736
795 8862
904 5822
881 6387
564 8399
625 7829
725 4895
636 5932
699 4122
743 2447
218 1778
823 9642
311 9874
821 2615
392 6658
169 6372
153 1923
228 6270
599 3317
181 8760
520 6650
956 1922
195 8763
65 3111
29 2603
102 6652
771 1340
884 8332
68 7319
530 9522
268 7840
430 5841
432 7815
462 5511
757 9037
457 2025
358 6623
205 3719
450 5076
154 6402
488 7208
893 8517
192 5730
359 2849
107 3280
523 8711
659 8784
658 7217
242 9143
551 6636
765 5963
376 6324
254 3415
375 8789
425 4581
280 412
802 2199
861 1733
967 5841
578 2147
776 5058
923 2862
685 7692
538 6092
202 6746
171 9866
295 3478
906 7694
326 5712
576 7773
279 6123
187 7055
621 4380
15 288
356 3423
958 9708
192 7195
518 3744
624 5225
531 8687
830 5630
296 1497
168 7153
965 8079
235 7515
571 9009
488 5553
128 3604
356 9838
240 980
687 6034
603 9327
738 9104
539 2768
266 1249
257 3661
149 6114
519 8931
688 5463
288 6612
511 6452
546 8796
636 9889
586 8103
462 8859
964 3407
478 2043
906 9308
132 1619
459 4078
626 1552
779 2726
613 941
306 692
658 2526
408 886
144 5690
517 1286
995 2072
566 7092
386 3456
550 4179
145 1695
478 1130
511 3180
798 9367
227 6852
995 2260
783 7842
89 6262
647 4574
623 3764
594 9957
204 6606
981 9393
173 7397
237 6954
276 372
374 497
592 4725
64 8946
885 9099
319 2928
616 3020
821 3277
60 2113
639 9719
17 1162
706 8768
242 3156
191 3346
826 1731
466 2808
992 4117
761 1748
379 8239
755 5153
230 3065
933 8657
